std_a_	std_yawdd_	std_laspx_	std_laspy_	std_radr_	std_radphi_	std_radrd_	1rmse_px	1rmse_py	1rmse_vx	1rmse_vy	1nis_total	1nis_lidar	1nis_radar	2rmse_px	2rmse_py	2rmse_vx	2rmse_vy	2nis_total	2nis_lidar	2nis_radar	
0.15	0.3	0.0825	0.0825	0.25	0.0125	0.25	0.185576	0.189752	0.531834	0.422837	75.5	78	73	0.0879525	0.0897126	0.626117	0.597787	75.8987	63.3987	88.3987	
0.19	0.3	0.0825	0.0825	0.25	0.0125	0.25	0.186933	0.189499	0.52067	0.407531	76.5	80	73	0.0884631	0.0880395	0.627283	0.59722	76.0621	63.5621	88.5621	
0.2	0.3	0.0825	0.0825	0.25	0.0125	0.25	0.187351	0.191362	0.434998	0.464955	77	80	74	0.0885298	0.0877099	0.627474	0.597122	76.2255	63.7255	88.7255	
0.21	0.3	0.0825	0.0825	0.25	0.0125	0.25	0.187785	0.191345	0.415503	0.452951	77.5	80	75	0.0885792	0.0874078	0.627633	0.597036	76.3889	64.0523	88.7255	
0.22	0.3	0.0825	0.0825	0.25	0.0125	0.25	0.188823	0.190132	0.387887	0.397887	79.5	83	76	0.0886138	0.0871301	0.627762	0.596961	76.3889	64.0523	88.7255	
0.23	0.3	0.0825	0.0825	0.25	0.0125	0.25	0.189462	0.190325	0.376346	0.410261	79.5	82	77	0.0886359	0.0868742	0.627865	0.596895	76.634	64.0523	89.2157	
0.24	0.3	0.0825	0.0825	0.25	0.0125	0.25	0.190043	0.191016	0.366337	0.427326	76.5	80	73	0.0886471	0.0866379	0.627943	0.596836	76.634	64.0523	89.2157	
0.25	0.3	0.0825	0.0825	0.25	0.0125	0.25	0.19029	0.190362	0.350306	0.407912	79	82	76	0.0886491	0.0864192	0.627999	0.596785	76.634	64.2157	89.0523	
0.26	0.3	0.0825	0.0825	0.25	0.0125	0.25	0.190431	0.190416	0.342585	0.411332	77.5	80	75	0.0886431	0.0862162	0.628035	0.596739	76.5523	64.2157	88.8889	
0.27	0.3	0.0825	0.0825	0.25	0.0125	0.25	0.190623	0.191237	0.352538	0.448783	77.5	80	75	0.0886304	0.0860275	0.628053	0.596698	76.5523	64.2157	88.8889	
0.28	0.3	0.0825	0.0825	0.25	0.0125	0.25	0.191135	0.191802	0.36211	0.483337	77.5	80	75	0.0886118	0.0858519	0.628054	0.596662	76.5523	64.2157	88.8889	
0.29	0.3	0.0825	0.0825	0.25	0.0125	0.25	0.191609	0.191602	0.357564	0.480524	77	80	74	0.0885881	0.0856882	0.62804	0.596629	76.7974	64.5425	89.0523	
0.3	0.3	0.0825	0.0825	0.25	0.0125	0.25	0.192011	0.19093	0.344567	0.4342	77.5	81	74	0.0885602	0.0855354	0.628011	0.5966	76.8791	64.5425	89.2157	
0.31	0.3	0.0825	0.0825	0.25	0.0125	0.25	0.192976	0.190126	0.326318	0.393378	79.5	83	76	0.0885285	0.0853926	0.62797	0.596574	76.9608	64.5425	89.3791	
0.32	0.3	0.0825	0.0825	0.25	0.0125	0.25	0.193325	0.190174	0.328686	0.390592	79	82	76	0.0884937	0.0852591	0.627916	0.59655	77.2876	64.8693	89.7059	
0.33	0.3	0.0825	0.0825	0.25	0.0125	0.25	0.193367	0.190331	0.336206	0.397817	79	82	76	0.0884561	0.0851342	0.627851	0.596528	77.3693	64.7059	90.0327	
0.34	0.3	0.0825	0.0825	0.25	0.0125	0.25	0.193407	0.190683	0.348077	0.415818	78.5	81	76	0.0884162	0.0850173	0.627776	0.596509	77.5327	64.8693	90.1961	
0.35	0.3	0.0825	0.0825	0.25	0.0125	0.25	0.193874	0.19139	0.370986	0.462283	78	81	75	0.0883744	0.0849078	0.627691	0.596491	77.3693	64.7059	90.0327	
0.36	0.3	0.0825	0.0825	0.25	0.0125	0.25	0.194251	0.191835	0.379733	0.49083	77	80	74	0.0883309	0.0848052	0.627597	0.596475	77.5327	64.7059	90.3595	
0.37	0.3	0.0825	0.0825	0.25	0.0125	0.25	0.194399	0.191438	0.376696	0.469457	78	81	75	0.088286	0.0847092	0.627496	0.59646	77.5327	64.7059	90.3595	
0.38	0.3	0.0825	0.0825	0.25	0.0125	0.25	0.19515	0.190638	0.376562	0.421438	78.5	79	78	0.08824	0.0846193	0.627386	0.596446	77.451	64.7059	90.1961	
0.39	0.3	0.0825	0.0825	0.25	0.0125	0.25	0.194322	0.191306	0.435307	0.440707	78	80	76	0.0881931	0.0845353	0.627269	0.596434	77.2876	64.3791	90.1961	
0.44	0.3	0.0825	0.0825	0.25	0.0125	0.25	0.196254	0.190996	0.436408	0.438354	77	78	76	0.0879506	0.0841914	0.626594	0.596388	76.7157	63.8889	89.5425	
0.45	0.3	0.0825	0.0825	0.25	0.0125	0.25	0.196377	0.191327	0.448169	0.469807	77.5	79	76	0.0879015	0.0841362	0.626443	0.596381	76.7157	63.8889	89.5425	
0.46	0.3	0.0825	0.0825	0.25	0.0125	0.25	0.196767	0.191819	0.478095	0.514018	77	79	75	0.0878525	0.0840851	0.626288	0.596375	76.7157	63.8889	89.5425	
0.47	0.3	0.0825	0.0825	0.25	0.0125	0.25	0.196946	0.191437	0.476949	0.485549	77.5	80	75	0.0878035	0.0840378	0.626129	0.596371	76.7157	63.8889	89.5425	
0.48	0.3	0.0825	0.0825	0.25	0.0125	0.25	0.197056	0.191141	0.479518	0.455013	78.5	81	76	0.0877548	0.0839941	0.625966	0.596367	76.7974	63.8889	89.7059	
0.49	0.3	0.0825	0.0825	0.25	0.0125	0.25	0.196486	0.191463	0.516747	0.449379	78	80	76	0.0877063	0.0839541	0.625799	0.596364	76.5523	63.5621	89.5425	
0.12	0.31	0.0825	0.0825	0.25	0.0125	0.25	0.18383	0.195363	0.475455	0.453116	73	75	71	0.0846538	0.0893153	0.620322	0.595132	75.8987	63.3987	88.3987	
0.13	0.31	0.0825	0.0825	0.25	0.0125	0.25	0.186102	0.189084	0.423799	0.409282	76.5	79	74	0.0849732	0.0886685	0.620847	0.594839	75.8987	63.0719	88.7255	
0.14	0.31	0.0825	0.0825	0.25	0.0125	0.25	0.184921	0.189135	0.471389	0.409657	77	81	73	0.0852394	0.0880829	0.621311	0.594585	75.9804	63.2353	88.7255	
0.19	0.31	0.0825	0.0825	0.25	0.0125	0.25	0.187858	0.190238	0.465913	0.428434	76.5	79	74	0.0860047	0.0858712	0.622878	0.593724	76.4706	63.7255	89.2157	
0.2	0.31	0.0825	0.0825	0.25	0.0125	0.25	0.188239	0.191751	0.449082	0.486711	77	80	74	0.0860798	0.0855376	0.623071	0.593609	76.5523	63.7255	89.3791	
0.21	0.31	0.0825	0.0825	0.25	0.0125	0.25	0.188518	0.190784	0.400304	0.42582	77.5	80	75	0.0861373	0.0852311	0.623232	0.593507	76.7157	64.0523	89.3791	
0.22	0.31	0.0825	0.0825	0.25	0.0125	0.25	0.189609	0.19024	0.382597	0.406631	79.5	83	76	0.0861797	0.0849488	0.623365	0.593415	76.7974	64.2157	89.3791	
0.23	0.31	0.0825	0.0825	0.25	0.0125	0.25	0.190215	0.190679	0.372008	0.423985	77	81	73	0.0862092	0.0846881	0.623472	0.593333	76.7157	64.2157	89.2157	
0.24	0.31	0.0825	0.0825	0.25	0.0125	0.25	0.190637	0.190771	0.359224	0.426736	76.5	80	73	0.0862276	0.0844468	0.623555	0.59326	76.8791	64.3791	89.3791	
0.25	0.31	0.0825	0.0825	0.25	0.0125	0.25	0.190824	0.190384	0.344383	0.41116	78.5	81	76	0.0862365	0.084223	0.623617	0.593193	77.0425	64.5425	89.5425	
0.26	0.31	0.0825	0.0825	0.25	0.0125	0.25	0.190963	0.190705	0.343079	0.424659	78	81	75	0.0862372	0.0840149	0.623659	0.593133	77.1242	64.7059	89.5425	
0.27	0.31	0.0825	0.0825	0.25	0.0125	0.25	0.19116	0.19196	0.356835	0.474979	77.5	80	75	0.0862307	0.0838212	0.623682	0.593078	77.2059	64.8693	89.5425	
0.28	0.31	0.0825	0.0825	0.25	0.0125	0.25	0.191767	0.191664	0.363437	0.492827	78	81	75	0.0862181	0.0836405	0.62369	0.593028	77.1242	64.8693	89.3791	
0.29	0.31	0.0825	0.0825	0.25	0.0125	0.25	0.192141	0.191398	0.35062	0.472294	78	81	75	0.0862002	0.0834718	0.623682	0.592982	77.2059	65.0327	89.3791	
0.3	0.31	0.0825	0.0825	0.25	0.0125	0.25	0.192682	0.190551	0.332419	0.417204	78.5	81	76	0.0861777	0.083314	0.62366	0.59294	77.0425	64.7059	89.3791	
0.31	0.31	0.0825	0.0825	0.25	0.0125	0.25	0.193825	0.190182	0.32298	0.394941	78.5	82	75	0.0861512	0.0831663	0.623625	0.5929	77.2876	64.7059	89.8693	
0.32	0.31	0.0825	0.0825	0.25	0.0125	0.25	0.194082	0.190242	0.325626	0.394769	78.5	82	75	0.0861213	0.0830279	0.623579	0.592864	77.0425	64.0523	90.0327	
0.33	0.31	0.0825	0.0825	0.25	0.0125	0.25	0.194112	0.190336	0.331472	0.399754	79.5	82	77	0.0860885	0.0828981	0.623521	0.59283	77.0425	64.0523	90.0327	
0.34	0.31	0.0825	0.0825	0.25	0.0125	0.25	0.193883	0.1912	0.358675	0.446344	78	81	75	0.0860531	0.0827764	0.623453	0.592799	77.2876	64.3791	90.1961	
0.35	0.31	0.0825	0.0825	0.25	0.0125	0.25	0.194392	0.191682	0.371883	0.483631	78	81	75	0.0860156	0.0826623	0.623375	0.59277	77.2876	64.3791	90.1961	
0.36	0.31	0.0825	0.0825	0.25	0.0125	0.25	0.194747	0.192027	0.384094	0.507629	77.5	80	75	0.0859762	0.0825551	0.623289	0.592742	77.2876	64.3791	90.1961	
0.37	0.31	0.0825	0.0825	0.25	0.0125	0.25	0.194833	0.190988	0.364707	0.441759	79.5	82	77	0.0859353	0.0824546	0.623195	0.592716	77.2876	64.3791	90.1961	
0.38	0.31	0.0825	0.0825	0.25	0.0125	0.25	0.195165	0.190189	0.388488	0.430289	79	82	76	0.085893	0.0823603	0.623092	0.592692	77.451	64.3791	90.5229	
0.43	0.31	0.0825	0.0825	0.25	0.0125	0.25	0.196424	0.191394	0.455566	0.442414	76.5	79	74	0.0856691	0.0819706	0.622483	0.59259	77.3693	64.0523	90.6863	
0.44	0.31	0.0825	0.0825	0.25	0.0125	0.25	0.196533	0.191155	0.435957	0.455844	77.5	79	76	0.0856229	0.0819072	0.622344	0.592574	77.3693	64.0523	90.6863	
0.45	0.31	0.0825	0.0825	0.25	0.0125	0.25	0.196963	0.191891	0.472964	0.517913	77	79	75	0.0855766	0.0818481	0.622201	0.592558	77.2876	64.0523	90.5229	
0.46	0.31	0.0825	0.0825	0.25	0.0125	0.25	0.19723	0.191805	0.483791	0.518529	78	80	76	0.0855301	0.0817931	0.622053	0.592543	77.2876	64.0523	90.5229	
0.47	0.31	0.0825	0.0825	0.25	0.0125	0.25	0.197269	0.191252	0.475219	0.470745	79	81	77	0.0854837	0.081742	0.621901	0.59253	77.2876	64.0523	90.5229	
0.48	0.31	0.0825	0.0825	0.25	0.0125	0.25	0.196925	0.191412	0.496646	0.468913	78.5	80	77	0.0854374	0.0816946	0.621745	0.592517	77.2876	64.0523	90.5229	
0.12	0.32	0.0825	0.0825	0.25	0.0125	0.25	0.1892	0.19523	0.530523	0.435608	73.5	76	71	0.0823012	0.0872907	0.616167	0.591983	75.5719	63.0719	88.0719	
0.13	0.32	0.0825	0.0825	0.25	0.0125	0.25	0.185702	0.189288	0.396066	0.413211	77.5	81	74	0.0826254	0.0866504	0.61668	0.591674	75.817	63.0719	88.5621	
0.14	0.32	0.0825	0.0825	0.25	0.0125	0.25	0.186251	0.190807	0.44745	0.43217	76.5	79	74	0.0828975	0.0860688	0.617134	0.591403	75.817	62.9085	88.7255	
0.19	0.32	0.0825	0.0825	0.25	0.0125	0.25	0.188926	0.190336	0.427348	0.422628	77	81	73	0.0836991	0.0838535	0.618686	0.590462	76.0621	63.5621	88.5621	
0.2	0.32	0.0825	0.0825	0.25	0.0125	0.25	0.188926	0.191744	0.445114	0.487644	77.5	80	75	0.0837814	0.0835167	0.61888	0.590332	76.1438	63.8889	88.3987	
0.21	0.32	0.0825	0.0825	0.25	0.0125	0.25	0.189609	0.190362	0.389577	0.407806	79	82	76	0.083846	0.0832066	0.619044	0.590214	76.2255	63.8889	88.5621	
0.22	0.32	0.0825	0.0825	0.25	0.0125	0.25	0.190353	0.190368	0.377489	0.41674	79	83	75	0.0838953	0.0829204	0.61918	0.590109	76.2255	63.8889	88.5621	
0.23	0.32	0.0825	0.0825	0.25	0.0125	0.25	0.190963	0.191161	0.368864	0.441995	76.5	81	72	0.0839314	0.0826557	0.61929	0.590013	76.3072	63.8889	88.7255	
0.24	0.32	0.0825	0.0825	0.25	0.0125	0.25	0.191212	0.190564	0.351208	0.422254	79.5	82	77	0.0839562	0.0824101	0.619377	0.589925	76.2255	63.7255	88.7255	
0.25	0.32	0.0825	0.0825	0.25	0.0125	0.25	0.191288	0.190518	0.340394	0.418986	79	81	77	0.0839712	0.082182	0.619444	0.589845	76.3889	64.0523	88.7255	
0.26	0.32	0.0825	0.0825	0.25	0.0125	0.25	0.191328	0.191203	0.348081	0.450645	77.5	80	75	0.0839776	0.0819696	0.619491	0.589772	76.3889	63.8889	88.8889	
0.27	0.32	0.0825	0.0825	0.25	0.0125	0.25	0.191795	0.191841	0.361246	0.490857	77	79	75	0.0839768	0.0817715	0.61952	0.589705	76.4706	63.8889	89.0523	
0.28	0.32	0.0825	0.0825	0.25	0.0125	0.25	0.192314	0.191623	0.361984	0.497	77.5	80	75	0.0839695	0.0815864	0.619533	0.589642	76.5523	63.8889	89.2157	
0.29	0.32	0.0825	0.0825	0.25	0.0125	0.25	0.192719	0.191054	0.340669	0.450474	77.5	80	75	0.0839567	0.0814133	0.619531	0.589584	76.7974	63.8889	89.7059	
0.3	0.32	0.0825	0.0825	0.25	0.0125	0.25	0.194051	0.190218	0.320334	0.406741	79.5	83	76	0.0839391	0.0812512	0.619515	0.58953	76.8791	64.0523	89.7059	
0.31	0.32	0.0825	0.0825	0.25	0.0125	0.25	0.194424	0.190268	0.323009	0.402028	79.5	83	76	0.0839173	0.0810991	0.619486	0.589479	77.1242	64.0523	90.1961	
0.32	0.32	0.0825	0.0825	0.25	0.0125	0.25	0.194708	0.190325	0.324525	0.401126	79.5	83	76	0.0838919	0.0809565	0.619446	0.589432	77.1242	64.0523	90.1961	
0.33	0.32	0.0825	0.0825	0.25	0.0125	0.25	0.194652	0.190413	0.330489	0.409516	80.5	83	78	0.0838633	0.0808225	0.619394	0.589387	77.1242	64.0523	90.1961	
0.34	0.32	0.0825	0.0825	0.25	0.0125	0.25	0.194455	0.191486	0.363757	0.469101	78	81	75	0.083832	0.0806967	0.619333	0.589345	77.2059	64.0523	90.3595	
0.35	0.32	0.0825	0.0825	0.25	0.0125	0.25	0.194937	0.192052	0.377787	0.51271	78	81	75	0.0837984	0.0805784	0.619262	0.589305	77.2876	64.0523	90.5229	
0.36	0.32	0.0825	0.0825	0.25	0.0125	0.25	0.195146	0.192047	0.384787	0.509282	78	81	75	0.0837627	0.0804672	0.619182	0.589267	77.451	64.2157	90.6863	
0.37	0.32	0.0825	0.0825	0.25	0.0125	0.25	0.195749	0.190752	0.369041	0.431272	79.5	82	77	0.0837254	0.0803626	0.619095	0.589231	77.3693	64.0523	90.6863	
0.38	0.32	0.0825	0.0825	0.25	0.0125	0.25	0.194743	0.190811	0.481996	0.465724	77	81	73	0.0836865	0.0802644	0.618999	0.589197	77.2876	63.8889	90.6863	
0.39	0.32	0.0825	0.0825	0.25	0.0125	0.25	0.194277	0.192759	0.494361	0.515092	76.5	80	73	0.0836465	0.080172	0.618897	0.589165	77.3693	63.8889	90.8497	
0.43	0.32	0.0825	0.0825	0.25	0.0125	0.25	0.196811	0.190995	0.431626	0.450258	78.5	80	77	0.0834776	0.0798559	0.618424	0.58905	77.3693	63.7255	91.0131	
0.44	0.32	0.0825	0.0825	0.25	0.0125	0.25	0.197081	0.19168	0.459776	0.504859	78	80	76	0.0834341	0.0797888	0.618292	0.589024	77.451	63.7255	91.1765	
0.45	0.32	0.0825	0.0825	0.25	0.0125	0.25	0.197372	0.192124	0.485406	0.540858	78	80	76	0.0833902	0.0797262	0.618155	0.589	77.3693	63.5621	91.1765	
0.46	0.32	0.0825	0.0825	0.25	0.0125	0.25	0.197486	0.191369	0.472302	0.486289	79	81	77	0.0833462	0.0796676	0.618014	0.588977	77.2059	63.3987	91.0131	
0.47	0.32	0.0825	0.0825	0.25	0.0125	0.25	0.197391	0.191266	0.483374	0.477403	79	80	78	0.0833021	0.0796131	0.617869	0.588956	77.2059	63.3987	91.0131	
0.11	0.33	0.0825	0.0825	0.25	0.0125	0.25	0.184692	0.190358	0.470464	0.435465	75	78	72	0.0797091	0.0860931	0.611653	0.589394	75.817	63.3987	88.2353	
0.12	0.33	0.0825	0.0825	0.25	0.0125	0.25	0.186882	0.189835	0.426744	0.42087	77	78	76	0.0800951	0.0853988	0.61221	0.589028	75.817	63.3987	88.2353	
0.13	0.33	0.0825	0.0825	0.25	0.0125	0.25	0.188021	0.188319	0.461136	0.474208	76.5	77	76	0.080423	0.0847654	0.61271	0.588706	75.817	63.5621	88.0719	
0.14	0.33	0.0825	0.0825	0.25	0.0125	0.25	0.186689	0.1902	0.544939	0.441682	76.5	78	75	0.0806999	0.084188	0.613154	0.588421	75.5719	63.0719	88.0719	
0.18	0.33	0.0825	0.0825	0.25	0.0125	0.25	0.189831	0.189617	0.533372	0.411118	76.5	78	75	0.0814229	0.0823408	0.614462	0.587569	75.4902	63.3987	87.5817	
0.19	0.33	0.0825	0.0825	0.25	0.0125	0.25	0.188932	0.191662	0.445292	0.482897	77	79	75	0.0815323	0.0819719	0.61469	0.58741	75.6536	63.2353	88.0719	
0.2	0.33	0.0825	0.0825	0.25	0.0125	0.25	0.189367	0.191626	0.422894	0.477931	77.5	79	76	0.081621	0.0816325	0.614885	0.587266	75.7353	63.2353	88.2353	
0.21	0.33	0.0825	0.0825	0.25	0.0125	0.25	0.190369	0.190372	0.383158	0.413752	79	82	76	0.0816917	0.0813195	0.615051	0.587135	75.8987	63.2353	88.5621	
0.22	0.33	0.0825	0.0825	0.25	0.0125	0.25	0.191053	0.190525	0.372603	0.428214	79	83	75	0.081747	0.0810302	0.615189	0.587016	75.8987	63.2353	88.5621	
0.23	0.33	0.0825	0.0825	0.25	0.0125	0.25	0.191525	0.191028	0.36341	0.447147	77.5	81	74	0.081789	0.080762	0.615302	0.586908	75.8987	63.2353	88.5621	
0.24	0.33	0.0825	0.0825	0.25	0.0125	0.25	0.191746	0.190514	0.344364	0.421917	79.5	82	77	0.0818194	0.0805129	0.615393	0.586808	76.1438	63.3987	88.8889	
0.25	0.33	0.0825	0.0825	0.25	0.0125	0.25	0.191785	0.190771	0.339983	0.429603	78	80	76	0.0818398	0.0802811	0.615463	0.586717	76.2255	63.3987	89.0523	
0.26	0.33	0.0825	0.0825	0.25	0.0125	0.25	0.191814	0.191843	0.350279	0.473838	77	79	75	0.0818514	0.080065	0.615514	0.586632	76.2255	63.3987	89.0523	
0.27	0.33	0.0825	0.0825	0.25	0.0125	0.25	0.192436	0.191548	0.370271	0.499742	77	79	75	0.0818555	0.0798631	0.615548	0.586553	76.5523	63.5621	89.5425	
0.28	0.33	0.0825	0.0825	0.25	0.0125	0.25	0.192778	0.191596	0.354381	0.494234	77.5	79	76	0.0818531	0.0796743	0.615566	0.586479	76.634	63.5621	89.7059	
0.29	0.33	0.0825	0.0825	0.25	0.0125	0.25	0.1937	0.190435	0.322683	0.422954	79.5	81	78	0.0818448	0.0794973	0.615569	0.58641	76.7157	63.5621	89.8693	
0.3	0.33	0.0825	0.0825	0.25	0.0125	0.25	0.194528	0.19024	0.321553	0.410959	79.5	81	78	0.0818316	0.0793314	0.615559	0.586346	76.7974	63.3987	90.1961	
0.31	0.33	0.0825	0.0825	0.25	0.0125	0.25	0.194832	0.190291	0.323417	0.407954	80	83	77	0.081814	0.0791756	0.615536	0.586285	76.7157	63.5621	89.8693	
0.32	0.33	0.0825	0.0825	0.25	0.0125	0.25	0.195242	0.190388	0.324465	0.409386	79.5	83	76	0.0817926	0.0790292	0.615501	0.586227	76.7974	63.7255	89.8693	
0.33	0.33	0.0825	0.0825	0.25	0.0125	0.25	0.194689	0.190806	0.340557	0.436305	81	82	80	0.0817678	0.0788916	0.615456	0.586172	76.7974	63.7255	89.8693	
0.34	0.33	0.0825	0.0825	0.25	0.0125	0.25	0.194973	0.191754	0.367244	0.496969	80	82	78	0.0817402	0.0787621	0.6154	0.586121	76.7157	63.5621	89.8693	
0.35	0.33	0.0825	0.0825	0.25	0.0125	0.25	0.195469	0.192205	0.386765	0.535311	79.5	81	78	0.0817101	0.0786401	0.615335	0.586071	76.7157	63.5621	89.8693	
0.36	0.33	0.0825	0.0825	0.25	0.0125	0.25	0.19541	0.191505	0.371327	0.478292	79.5	81	78	0.0816779	0.0785253	0.615262	0.586024	76.7157	63.5621	89.8693	
0.37	0.33	0.0825	0.0825	0.25	0.0125	0.25	0.195618	0.190584	0.39103	0.450775	80	82	78	0.0816437	0.0784172	0.61518	0.585979	76.8791	63.5621	90.1961	
0.38	0.33	0.0825	0.0825	0.25	0.0125	0.25	0.197981	0.19032	0.508606	0.497096	78.5	81	76	0.081608	0.0783155	0.615091	0.585936	76.7157	63.3987	90.0327	
0.42	0.33	0.0825	0.0825	0.25	0.0125	0.25	0.197177	0.191062	0.442049	0.449542	78	80	76	0.0814534	0.077965	0.614667	0.585781	76.634	63.0719	90.1961	
0.43	0.33	0.0825	0.0825	0.25	0.0125	0.25	0.197097	0.191272	0.439171	0.477229	78.5	80	77	0.0814128	0.0778901	0.614546	0.585747	76.634	63.0719	90.1961	
0.44	0.33	0.0825	0.0825	0.25	0.0125	0.25	0.197515	0.192184	0.481124	0.545749	78.5	80	77	0.0813716	0.0778198	0.614421	0.585713	76.7157	63.0719	90.3595	
0.45	0.33	0.0825	0.0825	0.25	0.0125	0.25	0.197776	0.191704	0.483003	0.525931	78	79	77	0.0813301	0.077754	0.61429	0.585681	76.8791	63.0719	90.6863	
0.46	0.33	0.0825	0.0825	0.25	0.0125	0.25	0.197724	0.191162	0.47416	0.479914	79	80	78	0.0812883	0.0776923	0.614155	0.585651	76.8791	63.0719	90.6863	
0.47	0.33	0.0825	0.0825	0.25	0.0125	0.25	0.197429	0.191576	0.532608	0.461223	79	81	77	0.0812463	0.0776346	0.614016	0.585622	77.0425	63.2353	90.8497	
0.11	0.34	0.0825	0.0825	0.25	0.0125	0.25	0.189206	0.189591	0.519354	0.413987	74.5	78	71	0.0776357	0.0843121	0.607892	0.586627	75.7353	63.3987	88.0719	
0.12	0.34	0.0825	0.0825	0.25	0.0125	0.25	0.186725	0.190132	0.429635	0.43603	78	80	76	0.0780226	0.0836275	0.608434	0.58625	75.6536	63.5621	87.7451	
0.13	0.34	0.0825	0.0825	0.25	0.0125	0.25	0.187439	0.18925	0.519081	0.423803	77.5	78	77	0.0783531	0.0830008	0.608921	0.585916	75.7353	63.5621	87.9085	
0.18	0.34	0.0825	0.0825	0.25	0.0125	0.25	0.189534	0.191045	0.479747	0.441751	76.5	79	74	0.0793772	0.0805838	0.610648	0.584718	76.0621	63.7255	88.3987	
0.19	0.34	0.0825	0.0825	0.25	0.0125	0.25	0.189709	0.191876	0.477945	0.488773	76	78	74	0.0794922	0.0802136	0.610875	0.584546	76.1438	63.7255	88.5621	
0.2	0.34	0.0825	0.0825	0.25	0.0125	0.25	0.189942	0.19118	0.397892	0.446538	77.5	79	76	0.0795864	0.0798722	0.61107	0.58439	76.1438	63.7255	88.5621	
0.21	0.34	0.0825	0.0825	0.25	0.0125	0.25	0.191165	0.190439	0.378829	0.423426	79	81	77	0.0796625	0.0795569	0.611237	0.584248	76.0621	63.5621	88.5621	
0.22	0.34	0.0825	0.0825	0.25	0.0125	0.25	0.191782	0.190884	0.370148	0.446355	79	83	75	0.0797231	0.0792649	0.611377	0.584118	75.9804	63.3987	88.5621	
0.23	0.34	0.0825	0.0825	0.25	0.0125	0.25	0.192086	0.190739	0.354487	0.439984	79.5	82	77	0.0797702	0.0789939	0.611493	0.583999	76.1438	63.3987	88.8889	
0.24	0.34	0.0825	0.0825	0.25	0.0125	0.25	0.192154	0.190591	0.339208	0.4276	80	82	78	0.0798055	0.0787419	0.611587	0.583888	76.3072	63.3987	89.2157	
0.25	0.34	0.0825	0.0825	0.25	0.0125	0.25	0.192105	0.191026	0.342766	0.447885	79	81	77	0.0798307	0.078507	0.61166	0.583786	76.3889	63.3987	89.3791	
0.26	0.34	0.0825	0.0825	0.25	0.0125	0.25	0.192414	0.191704	0.361332	0.492915	78	79	77	0.0798469	0.0782876	0.611715	0.58369	76.5523	63.3987	89.7059	
0.27	0.34	0.0825	0.0825	0.25	0.0125	0.25	0.192973	0.191471	0.375478	0.503838	78	79	77	0.0798555	0.0780825	0.611753	0.583601	76.634	63.3987	89.8693	
0.28	0.34	0.0825	0.0825	0.25	0.0125	0.25	0.193391	0.191124	0.339719	0.468411	77	78	76	0.0798572	0.0778904	0.611776	0.583518	76.5523	63.0719	90.0327	
0.29	0.34	0.0825	0.0825	0.25	0.0125	0.25	0.194736	0.190258	0.318843	0.422658	78.5	79	78	0.0798531	0.0777103	0.611783	0.583439	76.5523	63.0719	90.0327	
0.3	0.34	0.0825	0.0825	0.25	0.0125	0.25	0.19467	0.190255	0.326228	0.413236	78	79	77	0.0798438	0.077541	0.611778	0.583365	76.4706	62.9085	90.0327	
0.31	0.34	0.0825	0.0825	0.25	0.0125	0.25	0.195118	0.190302	0.324654	0.413269	80	81	79	0.0798299	0.077382	0.61176	0.583294	76.5523	63.0719	90.0327	
0.32	0.34	0.0825	0.0825	0.25	0.0125	0.25	0.195727	0.19043	0.324451	0.419583	79.5	81	78	0.0798121	0.0772323	0.61173	0.583227	76.7157	63.2353	90.1961	
0.33	0.34	0.0825	0.0825	0.25	0.0125	0.25	0.194938	0.191547	0.355754	0.472334	79.5	81	78	0.0797909	0.0770914	0.61169	0.583164	76.7974	63.2353	90.3595	
0.34	0.34	0.0825	0.0825	0.25	0.0125	0.25	0.19555	0.192156	0.377685	0.532547	79	81	77	0.0797666	0.0769586	0.61164	0.583103	76.634	63.0719	90.1961	
0.35	0.34	0.0825	0.0825	0.25	0.0125	0.25	0.195846	0.192244	0.390129	0.540238	79	80	78	0.0797397	0.0768335	0.61158	0.583045	76.7157	63.0719	90.3595	
0.36	0.34	0.0825	0.0825	0.25	0.0125	0.25	0.196214	0.190862	0.363388	0.443312	80	81	79	0.0797105	0.0767155	0.611512	0.58299	76.7157	63.0719	90.3595	
0.42	0.34	0.0825	0.0825	0.25	0.0125	0.25	0.197297	0.190969	0.427686	0.46184	79	79	79	0.079502	0.0761368	0.610952	0.5827	76.634	63.0719	90.1961	
0.43	0.34	0.0825	0.0825	0.25	0.0125	0.25	0.197631	0.192024	0.471696	0.537514	79	80	78	0.0794637	0.0760589	0.610837	0.582658	76.634	63.0719	90.1961	
0.45	0.34	0.0825	0.0825	0.25	0.0125	0.25	0.197886	0.191225	0.46721	0.484373	79.5	80	79	0.0793854	0.075917	0.610593	0.582578	76.7157	63.2353	90.1961	
0.46	0.34	0.0825	0.0825	0.25	0.0125	0.25	0.197657	0.191464	0.50266	0.478979	79	80	78	0.0793456	0.0758525	0.610463	0.58254	76.7157	63.2353	90.1961	
0.1	0.35	0.0825	0.0825	0.25	0.0125	0.25	0.185428	0.19146	0.467004	0.454982	75	79	71	0.0752374	0.0833731	0.603721	0.584449	75.9804	64.3791	87.5817	
0.11	0.35	0.0825	0.0825	0.25	0.0125	0.25	0.187819	0.190501	0.433431	0.425753	76.5	79	74	0.0756853	0.0826408	0.604299	0.584016	76.3889	64.5425	88.2353	
0.12	0.35	0.0825	0.0825	0.25	0.0125	0.25	0.187386	0.189767	0.42076	0.456639	77	81	73	0.0760723	0.0819658	0.604825	0.583631	76.3889	64.3791	88.3987	
0.18	0.35	0.0825	0.0825	0.25	0.0125	0.25	0.190771	0.190505	0.424041	0.43941	77	80	74	0.0774483	0.0789384	0.607001	0.582036	76.2255	63.8889	88.5621	
0.19	0.35	0.0825	0.0825	0.25	0.0125	0.25	0.190328	0.191952	0.477321	0.482738	77	78	76	0.077568	0.0785671	0.607227	0.581854	76.2255	63.8889	88.5621	
0.2	0.35	0.0825	0.0825	0.25	0.0125	0.25	0.191226	0.190552	0.385076	0.420426	79	80	78	0.0776669	0.0782244	0.607422	0.581687	76.2255	63.7255	88.7255	
0.21	0.35	0.0825	0.0825	0.25	0.0125	0.25	0.191901	0.190542	0.374968	0.43461	79.5	81	78	0.0777478	0.0779073	0.60759	0.581535	76.2255	63.7255	88.7255	
0.22	0.35	0.0825	0.0825	0.25	0.0125	0.25	0.192329	0.191093	0.369402	0.463314	78	81	75	0.077813	0.0776131	0.607731	0.581395	76.3072	63.7255	88.8889	
0.23	0.35	0.0825	0.0825	0.25	0.0125	0.25	0.192643	0.190625	0.346051	0.434729	81.5	82	81	0.0778645	0.0773398	0.607849	0.581265	76.3889	63.5621	89.2157	
0.24	0.35	0.0825	0.0825	0.25	0.0125	0.25	0.192603	0.190819	0.337716	0.435917	79.5	81	78	0.0779042	0.0770853	0.607945	0.581145	76.3072	63.3987	89.2157	
0.25	0.35	0.0825	0.0825	0.25	0.0125	0.25	0.192537	0.191453	0.341651	0.466927	78.5	80	77	0.0779336	0.0768478	0.608022	0.581033	76.2255	63.3987	89.0523	
0.26	0.35	0.0825	0.0825	0.25	0.0125	0.25	0.193062	0.191405	0.385411	0.496901	77	78	76	0.0779539	0.0766258	0.60808	0.580929	76.2255	63.2353	89.2157	
0.27	0.35	0.0825	0.0825	0.25	0.0125	0.25	0.193335	0.191675	0.363725	0.50703	77	78	76	0.0779664	0.0764179	0.608122	0.58083	76.3072	63.0719	89.5425	
0.28	0.35	0.0825	0.0825	0.25	0.0125	0.25	0.194928	0.190345	0.315704	0.435464	78	79	77	0.077972	0.076223	0.608148	0.580738	76.3889	63.0719	89.7059	
0.29	0.35	0.0825	0.0825	0.25	0.0125	0.25	0.194708	0.190297	0.323736	0.416664	79	79	79	0.0779715	0.07604	0.60816	0.58065	76.3889	63.0719	89.7059	
0.3	0.35	0.0825	0.0825	0.25	0.0125	0.25	0.195595	0.190358	0.322969	0.416509	79	79	79	0.0779657	0.075868	0.608158	0.580567	76.3889	63.0719	89.7059	
0.31	0.35	0.0825	0.0825	0.25	0.0125	0.25	0.195417	0.190332	0.327222	0.417893	79.5	80	79	0.0779552	0.075706	0.608145	0.580489	76.3072	63.0719	89.5425	
0.32	0.35	0.0825	0.0825	0.25	0.0125	0.25	0.196167	0.190471	0.323589	0.431306	80	81	79	0.0779407	0.0755535	0.60812	0.580413	76.3889	63.0719	89.7059	
0.33	0.35	0.0825	0.0825	0.25	0.0125	0.25	0.195476	0.191704	0.362795	0.506915	79	80	78	0.0779225	0.0754098	0.608084	0.580342	76.4706	63.0719	89.8693	
0.35	0.35	0.0825	0.0825	0.25	0.0125	0.25	0.196027	0.192086	0.382297	0.520054	79.5	81	78	0.0778772	0.0751462	0.607984	0.580207	76.4706	63.0719	89.8693	
0.36	0.35	0.0825	0.0825	0.25	0.0125	0.25	0.196025	0.191017	0.398275	0.473242	78	80	76	0.0778508	0.0750254	0.607921	0.580144	76.634	63.2353	90.0327	
0.37	0.35	0.0825	0.0825	0.25	0.0125	0.25	0.198567	0.192467	0.537206	0.541815	76.5	77	76	0.0778223	0.0749114	0.607851	0.580083	76.634	63.2353	90.0327	
0.41	0.35	0.0825	0.0825	0.25	0.0125	0.25	0.197616	0.190771	0.429387	0.460221	80	80	80	0.0776924	0.0745156	0.607497	0.579861	76.5523	63.2353	89.8693	
0.42	0.35	0.0825	0.0825	0.25	0.0125	0.25	0.197627	0.19161	0.452664	0.514591	78.5	79	78	0.077657	0.0744302	0.607393	0.579811	76.4706	63.0719	89.8693	
0.43	0.35	0.0825	0.0825	0.25	0.0125	0.25	0.197963	0.192034	0.478536	0.546614	79	80	78	0.0776208	0.0743497	0.607283	0.579762	76.5523	63.2353	89.8693	
0.44	0.35	0.0825	0.0825	0.25	0.0125	0.25	0.198062	0.191307	0.466084	0.504454	79	80	78	0.0775839	0.0742739	0.607169	0.579714	76.7157	63.3987	90.0327	
0.45	0.35	0.0825	0.0825	0.25	0.0125	0.25	0.197966	0.191763	0.489448	0.511926	78.5	79	78	0.0775465	0.0742025	0.60705	0.579669	76.7157	63.3987	90.0327	
0.11	0.36	0.0825	0.0825	0.25	0.0125	0.25	0.188306	0.190258	0.477438	0.42594	75.5	80	71	0.0738477	0.0810695	0.60086	0.581549	76.3072	64.3791	88.2353	
0.12	0.36	0.0825	0.0825	0.25	0.0125	0.25	0.188114	0.189611	0.473522	0.434824	76.5	81	72	0.074234	0.080404	0.601371	0.581156	76.2255	64.0523	88.3987	
0.18	0.36	0.0825	0.0825	0.25	0.0125	0.25	0.190484	0.191601	0.466327	0.491684	76.5	80	73	0.0756266	0.0773944	0.603509	0.579508	76.2255	63.8889	88.5621	
0.19	0.36	0.0825	0.0825	0.25	0.0125	0.25	0.190912	0.191549	0.436907	0.487186	76.5	79	74	0.0757503	0.0770227	0.603734	0.579316	76.3072	63.8889	88.7255	
0.2	0.36	0.0825	0.0825	0.25	0.0125	0.25	0.191861	0.190566	0.379745	0.431116	78.5	80	77	0.0758533	0.0766789	0.603929	0.579141	76.3072	63.8889	88.7255	
0.21	0.36	0.0825	0.0825	0.25	0.0125	0.25	0.192559	0.190677	0.371814	0.448112	78.5	81	76	0.0759382	0.0763604	0.604096	0.57898	76.3889	63.7255	89.0523	
0.22	0.36	0.0825	0.0825	0.25	0.0125	0.25	0.192851	0.190856	0.361526	0.458911	78.5	80	77	0.0760073	0.0760647	0.604239	0.57883	76.3889	63.7255	89.0523	
0.23	0.36	0.0825	0.0825	0.25	0.0125	0.25	0.193024	0.19065	0.339394	0.43725	79	80	78	0.0760628	0.0757895	0.604359	0.578692	76.3072	63.5621	89.0523	
0.24	0.36	0.0825	0.0825	0.25	0.0125	0.25	0.192992	0.190872	0.338256	0.445259	79	80	78	0.0761064	0.0755329	0.604457	0.578563	76.3889	63.5621	89.2157	
0.25	0.36	0.0825	0.0825	0.25	0.0125	0.25	0.193066	0.191409	0.363421	0.490006	78.5	80	77	0.0761394	0.0752932	0.604536	0.578443	76.3072	63.3987	89.2157	
0.26	0.36	0.0825	0.0825	0.25	0.0125	0.25	0.193567	0.191409	0.400577	0.499136	78.5	79	78	0.0761634	0.075069	0.604597	0.57833	76.2255	63.2353	89.2157	
0.27	0.36	0.0825	0.0825	0.25	0.0125	0.25	0.194033	0.191077	0.34033	0.481698	78.5	78	79	0.0761794	0.0748588	0.604642	0.578223	76.3072	63.3987	89.2157	
0.28	0.36	0.0825	0.0825	0.25	0.0125	0.25	0.195434	0.190323	0.317879	0.427297	80	79	81	0.0761883	0.0746615	0.604671	0.578123	76.3889	63.3987	89.3791	
0.31	0.36	0.0825	0.0825	0.25	0.0125	0.25	0.195728	0.190357	0.329099	0.422358	80	80	80	0.076181	0.0741371	0.604679	0.57785	76.3889	62.9085	89.8693	
0.32	0.36	0.0825	0.0825	0.25	0.0125	0.25	0.19581	0.190856	0.335066	0.460263	78.5	79	78	0.0761693	0.0739821	0.604659	0.577768	76.4706	62.9085	90.0327	
0.33	0.36	0.0825	0.0825	0.25	0.0125	0.25	0.196057	0.192138	0.3791	0.546276	77.5	79	76	0.076154	0.0738358	0.604628	0.577689	76.3889	62.7451	90.0327	
0.35	0.36	0.0825	0.0825	0.25	0.0125	0.25	0.19653	0.191014	0.361356	0.460826	80	81	79	0.0761141	0.0735673	0.604537	0.57754	76.4706	62.9085	90.0327	
0.37	0.36	0.0825	0.0825	0.25	0.0125	0.25	0.196747	0.190975	0.446604	0.529908	77.5	79	76	0.0760641	0.0733275	0.604412	0.577402	76.5523	63.0719	90.0327	
0.4	0.36	0.0825	0.0825	0.25	0.0125	0.25	0.198168	0.191122	0.466821	0.474748	77.5	78	77	0.0759754	0.0730149	0.604171	0.577212	76.3889	62.9085	89.8693	
0.41	0.36	0.0825	0.0825	0.25	0.0125	0.25	0.197697	0.191159	0.429967	0.481497	79	78	80	0.0759431	0.072922	0.604078	0.577153	76.3072	63.0719	89.5425	
0.42	0.36	0.0825	0.0825	0.25	0.0125	0.25	0.197873	0.191727	0.459824	0.523171	78.5	79	78	0.0759097	0.0728341	0.603979	0.577096	76.3889	63.0719	89.7059	
0.43	0.36	0.0825	0.0825	0.25	0.0125	0.25	0.198272	0.191928	0.478534	0.543471	78	79	77	0.0758755	0.0727513	0.603875	0.577041	76.4706	63.2353	89.7059	
0.44	0.36	0.0825	0.0825	0.25	0.0125	0.25	0.198242	0.191664	0.474673	0.508543	79.5	81	78	0.0758405	0.0726731	0.603765	0.576988	76.5523	63.2353	89.8693	
0.09	0.37	0.0825	0.0825	0.25	0.0125	0.25	0.187036	0.190935	0.484924	0.45381	75	78	72	0.0711707	0.0810558	0.59644	0.580144	76.634	64.3791	88.8889	
0.1	0.37	0.0825	0.0825	0.25	0.0125	0.25	0.188859	0.191211	0.434092	0.450022	76	79	73	0.0716726	0.0802975	0.597023	0.579655	76.5523	64.3791	88.7255	
0.11	0.37	0.0825	0.0825	0.25	0.0125	0.25	0.189848	0.189436	0.516397	0.451373	75.5	80	71	0.0721141	0.0795898	0.597565	0.579212	76.3889	64.2157	88.5621	
0.12	0.37	0.0825	0.0825	0.25	0.0125	0.25	0.19023	0.190425	0.455498	0.450866	74.5	78	71	0.0724988	0.0789335	0.598062	0.578814	75.9804	63.7255	88.2353	
0.17	0.37	0.0825	0.0825	0.25	0.0125	0.25	0.192291	0.190363	0.449677	0.446816	77	80	74	0.0737526	0.0763455	0.599906	0.577338	76.2255	63.5621	88.8889	
0.18	0.37	0.0825	0.0825	0.25	0.0125	0.25	0.190895	0.19184	0.520819	0.474449	75.5	78	73	0.0739036	0.0759431	0.600161	0.57712	76.4706	63.7255	89.2157	
0.19	0.37	0.0825	0.0825	0.25	0.0125	0.25	0.191494	0.191103	0.392122	0.453747	76.5	79	74	0.0740307	0.0755712	0.600385	0.57692	76.4706	63.7255	89.2157	
0.2	0.37	0.0825	0.0825	0.25	0.0125	0.25	0.192689	0.19061	0.377825	0.441737	78	79	77	0.0741371	0.0752269	0.600579	0.576737	76.5523	63.8889	89.2157	
0.21	0.37	0.0825	0.0825	0.25	0.0125	0.25	0.193111	0.190958	0.374373	0.469876	78	79	77	0.0742255	0.0749074	0.600747	0.576567	76.5523	63.8889	89.2157	
0.22	0.37	0.0825	0.0825	0.25	0.0125	0.25	0.193468	0.190727	0.350334	0.449551	79	80	78	0.0742981	0.0746104	0.60089	0.57641	76.5523	63.8889	89.2157	
0.23	0.37	0.0825	0.0825	0.25	0.0125	0.25	0.193399	0.190866	0.33652	0.443949	79.5	80	79	0.074357	0.0743337	0.601011	0.576264	76.3889	63.7255	89.0523	
0.24	0.37	0.0825	0.0825	0.25	0.0125	0.25	0.193525	0.190899	0.333859	0.458883	79	79	79	0.0744038	0.0740755	0.601111	0.576128	76.4706	63.8889	89.0523	
0.25	0.37	0.0825	0.0825	0.25	0.0125	0.25	0.193694	0.191042	0.40863	0.47866	79	79	79	0.0744402	0.0738341	0.601192	0.576	76.3889	63.7255	89.0523	
0.26	0.37	0.0825	0.0825	0.25	0.0125	0.25	0.193743	0.192201	0.379983	0.519302	79.5	79	80	0.0744673	0.0736079	0.601255	0.575879	76.3889	63.5621	89.2157	
0.27	0.37	0.0825	0.0825	0.25	0.0125	0.25	0.195279	0.19032	0.319516	0.449104	80.5	80	81	0.0744863	0.0733957	0.601303	0.575765	76.3072	63.3987	89.2157	
0.31	0.37	0.0825	0.0825	0.25	0.0125	0.25	0.196304	0.190402	0.326466	0.434617	81	81	81	0.0744994	0.0726657	0.601354	0.575364	76.3072	63.0719	89.5425	
0.32	0.37	0.0825	0.0825	0.25	0.0125	0.25	0.195941	0.1917	0.356418	0.509956	79	80	78	0.0744904	0.0725085	0.601337	0.575275	76.2255	63.0719	89.3791	
0.34	0.37	0.0825	0.0825	0.25	0.0125	0.25	0.19658	0.192226	0.390164	0.546588	78.5	80	77	0.0744615	0.0722198	0.601273	0.575106	76.2255	63.0719	89.3791	
0.35	0.37	0.0825	0.0825	0.25	0.0125	0.25	0.196491	0.191271	0.407901	0.488605	76	77	75	0.0744425	0.0720871	0.601227	0.575027	76.2255	63.2353	89.2157	
0.36	0.37	0.0825	0.0825	0.25	0.0125	0.25	0.197244	0.191277	0.474856	0.537958	76.5	78	75	0.0744209	0.0719617	0.601173	0.57495	76.3889	63.2353	89.5425	
0.4	0.37	0.0825	0.0825	0.25	0.0125	0.25	0.19802	0.190969	0.421891	0.471099	78.5	78	79	0.0743145	0.0715238	0.600883	0.574669	76.5523	63.3987	89.7059	
0.41	0.37	0.0825	0.0825	0.25	0.0125	0.25	0.197893	0.191539	0.442141	0.500925	78	77	79	0.0742841	0.0714286	0.600795	0.574604	76.5523	63.2353	89.8693	
0.42	0.37	0.0825	0.0825	0.25	0.0125	0.25	0.198112	0.19168	0.458284	0.52007	78.5	80	77	0.0742526	0.0713387	0.6007	0.574541	76.7157	63.5621	89.8693	
0.43	0.37	0.0825	0.0825	0.25	0.0125	0.25	0.198416	0.191498	0.453799	0.485086	78.5	78	79	0.0742202	0.0712536	0.600601	0.57448	76.7157	63.3987	90.0327	
0.44	0.37	0.0825	0.0825	0.25	0.0125	0.25	0.19879	0.191883	0.534025	0.481931	78	78	78	0.074187	0.0711733	0.600496	0.57442	76.7157	63.5621	89.8693	
0.11	0.38	0.0825	0.0825	0.25	0.0125	0.25	0.189378	0.190556	0.449804	0.451803	75	79	71	0.0704762	0.078194	0.594404	0.576994	76.2255	63.8889	88.5621	
0.17	0.38	0.0825	0.0825	0.25	0.0125	0.25	0.192289	0.190625	0.422907	0.467641	77	79	75	0.0721182	0.0749782	0.596696	0.575085	76.4706	63.5621	89.3791	
0.18	0.38	0.0825	0.0825	0.25	0.0125	0.25	0.191785	0.191017	0.513779	0.449013	75.5	78	73	0.0722718	0.0745766	0.596948	0.574859	76.5523	63.7255	89.3791	
0.19	0.38	0.0825	0.0825	0.25	0.0125	0.25	0.192714	0.190714	0.380867	0.434562	77.5	79	76	0.0724017	0.0742049	0.59717	0.574653	76.5523	63.8889	89.2157	
0.2	0.38	0.0825	0.0825	0.25	0.0125	0.25	0.193367	0.190709	0.376018	0.45399	77.5	78	77	0.072511	0.0738603	0.597364	0.574462	76.634	64.0523	89.2157	
0.21	0.38	0.0825	0.0825	0.25	0.0125	0.25	0.193542	0.190888	0.372361	0.474251	78	78	78	0.0726023	0.0735402	0.597531	0.574286	76.634	64.0523	89.2157	
0.22	0.38	0.0825	0.0825	0.25	0.0125	0.25	0.193891	0.190727	0.341565	0.448081	81	80	82	0.0726778	0.0732423	0.597675	0.574122	76.634	64.0523	89.2157	
0.23	0.38	0.0825	0.0825	0.25	0.0125	0.25	0.193913	0.190811	0.335416	0.445553	79	78	80	0.0727396	0.0729645	0.597796	0.573969	76.7157	64.0523	89.3791	
0.24	0.38	0.0825	0.0825	0.25	0.0125	0.25	0.19389	0.190936	0.36999	0.480598	78.5	78	79	0.0727894	0.072705	0.597898	0.573826	76.634	63.8889	89.3791	
0.25	0.38	0.0825	0.0825	0.25	0.0125	0.25	0.194202	0.191042	0.432087	0.483155	78.5	78	79	0.0728286	0.0724621	0.59798	0.573691	76.5523	63.7255	89.3791	
0.26	0.38	0.0825	0.0825	0.25	0.0125	0.25	0.19486	0.190773	0.329885	0.473697	80	80	80	0.0728585	0.0722343	0.598046	0.573564	76.634	63.8889	89.3791	
0.31	0.38	0.0825	0.0825	0.25	0.0125	0.25	0.197077	0.190525	0.321656	0.455089	78.5	79	78	0.0729034	0.0712833	0.598159	0.573016	76.5523	63.7255	89.3791	
0.34	0.38	0.0825	0.0825	0.25	0.0125	0.25	0.196977	0.191299	0.360551	0.475898	79	79	79	0.0728724	0.0708317	0.598088	0.57274	76.4706	63.5621	89.3791	
0.36	0.38	0.0825	0.0825	0.25	0.0125	0.25	0.197218	0.190913	0.427117	0.471876	77.5	78	77	0.072836	0.0705697	0.597996	0.572573	76.7157	63.7255	89.7059	
0.39	0.38	0.0825	0.0825	0.25	0.0125	0.25	0.198159	0.190781	0.426876	0.475863	78	77	79	0.0727646	0.0702265	0.597801	0.572341	77.2059	64.0523	90.3595	
0.4	0.38	0.0825	0.0825	0.25	0.0125	0.25	0.198096	0.191603	0.431552	0.493362	76.5	75	78	0.0727373	0.070124	0.597723	0.572268	77.0425	63.7255	90.3595	
0.41	0.38	0.0825	0.0825	0.25	0.0125	0.25	0.198437	0.191395	0.44512	0.488786	77.5	76	79	0.0727087	0.0700269	0.597638	0.572198	77.0425	63.7255	90.3595	
0.42	0.38	0.0825	0.0825	0.25	0.0125	0.25	0.198528	0.19167	0.450432	0.500503	77.5	77	78	0.072679	0.069935	0.597548	0.57213	77.0425	63.7255	90.3595	
0.11	0.39	0.0825	0.0825	0.25	0.0125	0.25	0.191762	0.190522	0.504949	0.49535	74.5	78	71	0.0689269	0.0768752	0.591369	0.574885	76.4706	64.5425	88.3987	
0.17	0.39	0.0825	0.0825	0.25	0.0125	0.25	0.191638	0.192465	0.50231	0.503743	75	78	72	0.0705688	0.0736884	0.593612	0.572947	76.3072	63.7255	88.8889	
0.18	0.39	0.0825	0.0825	0.25	0.0125	0.25	0.19233	0.191347	0.44338	0.483248	76	78	74	0.0707244	0.0732878	0.593862	0.572716	76.4706	64.0523	88.8889	
0.19	0.39	0.0825	0.0825	0.25	0.0125	0.25	0.19338	0.190736	0.380397	0.450262	78.5	80	77	0.0708565	0.0729166	0.594082	0.572503	76.4706	64.0523	88.8889	
0.2	0.39	0.0825	0.0825	0.25	0.0125	0.25	0.1939	0.19085	0.377755	0.470764	77.5	78	77	0.0709682	0.072572	0.594274	0.572306	76.5523	64.2157	88.8889	
0.21	0.39	0.0825	0.0825	0.25	0.0125	0.25	0.194207	0.190847	0.358467	0.464858	78.5	78	79	0.0710619	0.0722516	0.594441	0.572124	76.4706	64.0523	88.8889	
0.22	0.39	0.0825	0.0825	0.25	0.0125	0.25	0.194182	0.190947	0.336698	0.453403	80	80	80	0.07114	0.0719531	0.594584	0.571954	76.3889	63.8889	88.8889	
0.23	0.39	0.0825	0.0825	0.25	0.0125	0.25	0.194765	0.190573	0.331006	0.45502	80	79	81	0.0712043	0.0716745	0.594707	0.571795	76.3889	63.7255	89.0523	
0.24	0.39	0.0825	0.0825	0.25	0.0125	0.25	0.19466	0.190547	0.457816	0.475829	79	78	80	0.0712565	0.0714139	0.594809	0.571645	76.3889	63.7255	89.0523	
0.25	0.39	0.0825	0.0825	0.25	0.0125	0.25	0.194492	0.191553	0.38031	0.510999	79	79	79	0.0712982	0.0711699	0.594893	0.571504	76.3889	63.7255	89.0523	
0.31	0.39	0.0825	0.0825	0.25	0.0125	0.25	0.196639	0.19118	0.336236	0.490264	78	77	79	0.0713868	0.0699824	0.595085	0.570795	76.3072	63.3987	89.2157	
0.34	0.39	0.0825	0.0825	0.25	0.0125	0.25	0.197046	0.19145	0.421867	0.498272	76.5	76	77	0.071362	0.0695258	0.595025	0.570503	76.4706	63.5621	89.3791	
0.35	0.39	0.0825	0.0825	0.25	0.0125	0.25	0.196956	0.190249	0.481965	0.492466	77	76	78	0.071347	0.0693895	0.594986	0.570412	76.5523	63.5621	89.5425	
0.38	0.39	0.0825	0.0825	0.25	0.0125	0.25	0.197011	0.190144	0.456426	0.522067	75.5	75	76	0.0712872	0.069022	0.594824	0.570157	76.8791	63.7255	90.0327	
0.39	0.39	0.0825	0.0825	0.25	0.0125	0.25	0.198393	0.191604	0.421966	0.487674	77	75	79	0.0712633	0.068912	0.594755	0.570077	76.7974	63.5621	90.0327	
0.4	0.39	0.0825	0.0825	0.25	0.0125	0.25	0.198465	0.191702	0.448639	0.487323	77	76	78	0.0712377	0.0688077	0.594681	0.569999	76.7974	63.3987	90.1961	
0.41	0.39	0.0825	0.0825	0.25	0.0125	0.25	0.198599	0.191856	0.447098	0.510684	78	77	79	0.0712107	0.0687089	0.5946	0.569924	76.634	63.2353	90.0327	
0.18	0.4	0.0825	0.0825	0.25	0.0125	0.25	0.193771	0.190651	0.381974	0.438368	76.5	79	74	0.0692553	0.0720705	0.590893	0.570679	76.5523	64.2157	88.8889	
0.19	0.4	0.0825	0.0825	0.25	0.0125	0.25	0.194162	0.190837	0.381909	0.461904	78	80	76	0.0693892	0.0717	0.591111	0.570461	76.634	64.2157	89.0523	
0.2	0.4	0.0825	0.0825	0.25	0.0125	0.25	0.194251	0.190904	0.383833	0.48384	78.5	79	78	0.0695028	0.0713557	0.591302	0.570259	76.634	64.2157	89.0523	
0.21	0.4	0.0825	0.0825	0.25	0.0125	0.25	0.194735	0.19087	0.346428	0.460094	80	80	80	0.0695985	0.0710353	0.591468	0.570071	76.5523	64.0523	89.0523	
0.22	0.4	0.0825	0.0825	0.25	0.0125	0.25	0.194841	0.19083	0.33404	0.44791	79.5	80	79	0.0696787	0.0707364	0.591611	0.569896	76.5523	64.0523	89.0523	
0.23	0.4	0.0825	0.0825	0.25	0.0125	0.25	0.195037	0.190394	0.392481	0.467047	80	80	80	0.0697451	0.0704572	0.591734	0.569731	76.634	64.2157	89.0523	
0.24	0.4	0.0825	0.0825	0.25	0.0125	0.25	0.194763	0.191765	0.513503	0.541542	78.5	79	78	0.0697994	0.0701959	0.591837	0.569576	76.5523	64.2157	88.8889	
0.33	0.4	0.0825	0.0825	0.25	0.0125	0.25	0.19742	0.19173	0.36113	0.492208	77.5	77	78	0.0699347	0.0684407	0.592101	0.568481	76.4706	63.8889	89.0523	
0.34	0.4	0.0825	0.0825	0.25	0.0125	0.25	0.197365	0.193362	0.461883	0.481258	76	75	77	0.0699246	0.0682953	0.592074	0.568382	76.3889	63.7255	89.0523	
0.35	0.4	0.0825	0.0825	0.25	0.0125	0.25	0.198067	0.19143	0.462738	0.47917	78	77	79	0.0699114	0.0681575	0.592039	0.568287	76.5523	63.8889	89.2157	
0.38	0.4	0.0825	0.0825	0.25	0.0125	0.25	0.198751	0.191436	0.416526	0.482969	78.5	76	81	0.0698566	0.0677854	0.591887	0.568017	76.634	63.8889	89.3791	
0.39	0.4	0.0825	0.0825	0.25	0.0125	0.25	0.198449	0.192179	0.454417	0.489187	78	76	80	0.0698342	0.0676739	0.591822	0.567932	76.4706	63.3987	89.5425	
0.4	0.4	0.0825	0.0825	0.25	0.0125	0.25	0.198931	0.192039	0.453846	0.496914	77.5	76	79	0.0698102	0.067568	0.591751	0.56785	76.4706	63.3987	89.5425	
0.41	0.4	0.0825	0.0825	0.25	0.0125	0.25	0.199591	0.191994	0.438745	0.489417	79	79	79	0.0697847	0.0674676	0.591674	0.56777	76.4706	63.3987	89.5425	
0.18	0.41	0.0825	0.0825	0.25	0.0125	0.25	0.194042	0.190965	0.382115	0.458582	77	80	74	0.0678591	0.0709189	0.588036	0.56874	76.3889	64.3791	88.3987	
0.19	0.41	0.0825	0.0825	0.25	0.0125	0.25	0.194701	0.190959	0.383745	0.475012	78.5	81	76	0.0679943	0.0705494	0.588251	0.568518	76.3889	64.2157	88.5621	
0.2	0.41	0.0825	0.0825	0.25	0.0125	0.25	0.194902	0.191015	0.370472	0.478256	79.5	82	77	0.0681094	0.0702056	0.58844	0.568311	76.3889	64.2157	88.5621	
0.21	0.41	0.0825	0.0825	0.25	0.0125	0.25	0.194959	0.191099	0.33872	0.46369	80	82	78	0.0682067	0.0698854	0.588605	0.568119	76.4706	64.3791	88.5621	
0.22	0.41	0.0825	0.0825	0.25	0.0125	0.25	0.195715	0.190682	0.335463	0.461976	80	82	78	0.0682885	0.0695864	0.588748	0.567939	76.3072	64.2157	88.3987	
0.32	0.41	0.0825	0.0825	0.25	0.0125	0.25	0.197235	0.193002	0.461847	0.544632	77	78	76	0.0685687	0.0674354	0.58927	0.56658	76.3072	63.8889	88.7255	
0.33	0.41	0.0825	0.0825	0.25	0.0125	0.25	0.197678	0.191415	0.445619	0.502169	77.5	77	78	0.0685637	0.0672807	0.589255	0.566473	76.3889	63.8889	88.8889	
0.37	0.41	0.0825	0.0825	0.25	0.0125	0.25	0.199401	0.190684	0.486182	0.493862	77	76	78	0.0685124	0.0667378	0.58911	0.566078	76.634	64.0523	89.2157	
0.38	0.41	0.0825	0.0825	0.25	0.0125	0.25	0.198799	0.19296	0.452753	0.489773	77.5	76	79	0.0684933	0.0666188	0.589055	0.565986	76.5523	63.8889	89.2157	
0.39	0.41	0.0825	0.0825	0.25	0.0125	0.25	0.198717	0.191881	0.47842	0.506255	77.5	76	79	0.0684724	0.0665059	0.588994	0.565897	76.5523	63.7255	89.3791	
0.4	0.41	0.0825	0.0825	0.25	0.0125	0.25	0.199762	0.192062	0.431403	0.501916	79.5	79	80	0.0684497	0.0663986	0.588926	0.565811	76.634	63.7255	89.5425	
0.05	0.42	0.0825	0.0825	0.25	0.0125	0.25	0.190493	0.192037	0.494379	0.49972	76	80	72	0.0616821	0.0775802	0.580065	0.572305	76.5523	65.1961	87.9085	
0.17	0.42	0.0825	0.0825	0.25	0.0125	0.25	0.194065	0.190872	0.405221	0.478742	78.5	82	75	0.066372	0.0702243	0.585042	0.567136	76.1438	64.2157	88.0719	
0.18	0.42	0.0825	0.0825	0.25	0.0125	0.25	0.19484	0.191005	0.389406	0.472081	78	80	76	0.0665308	0.0698281	0.585282	0.566892	76.2255	64.2157	88.2353	
0.19	0.42	0.0825	0.0825	0.25	0.0125	0.25	0.195011	0.19103	0.393538	0.489626	79	80	78	0.0666669	0.0694597	0.585495	0.566666	76.2255	64.2157	88.2353	
0.2	0.42	0.0825	0.0825	0.25	0.0125	0.25	0.195523	0.191093	0.35437	0.472536	80	83	77	0.0667831	0.0691166	0.585683	0.566455	76.2255	64.2157	88.2353	
0.21	0.42	0.0825	0.0825	0.25	0.0125	0.25	0.19587	0.190893	0.332517	0.451849	79.5	81	78	0.0668817	0.0687967	0.585847	0.566259	76.1438	64.2157	88.0719	
0.22	0.42	0.0825	0.0825	0.25	0.0125	0.25	0.196227	0.190016	0.529219	0.472896	78.5	80	77	0.0669648	0.0684979	0.585989	0.566075	76.2255	64.3791	88.0719	
0.32	0.42	0.0825	0.0825	0.25	0.0125	0.25	0.198044	0.192079	0.361274	0.500436	77.5	78	77	0.0672599	0.0663401	0.586523	0.564674	75.9804	63.8889	88.0719	
0.37	0.42	0.0825	0.0825	0.25	0.0125	0.25	0.199309	0.192222	0.41923	0.496486	78.5	77	80	0.0672106	0.0656367	0.586375	0.564152	76.0621	63.7255	88.3987	
0.38	0.42	0.0825	0.0825	0.25	0.0125	0.25	0.198666	0.191577	0.501996	0.543883	77.5	77	78	0.0671929	0.0655166	0.586323	0.564056	76.0621	63.7255	88.3987	
0.39	0.42	0.0825	0.0825	0.25	0.0125	0.25	0.199767	0.192102	0.432281	0.509008	79	79	79	0.0671733	0.0654024	0.586265	0.563963	76.1438	63.8889	88.3987	
0.04	0.43	0.0825	0.0825	0.25	0.0125	0.25	0.191372	0.190694	0.522067	0.480581	75.5	81	70	0.0600494	0.0770478	0.577301	0.571054	76.4706	65.6863	87.2549	
0.05	0.43	0.0825	0.0825	0.25	0.0125	0.25	0.197104	0.190468	0.530153	0.485432	75.5	79	72	0.0605111	0.0764151	0.577589	0.570511	76.3072	65.3595	87.2549	
0.17	0.43	0.0825	0.0825	0.25	0.0125	0.25	0.195017	0.191125	0.381825	0.454639	77.5	81	74	0.0651068	0.0691877	0.582391	0.565374	76.0621	64.3791	87.7451	
0.18	0.43	0.0825	0.0825	0.25	0.0125	0.25	0.195491	0.191192	0.393178	0.482395	76.5	79	74	0.0652659	0.0687933	0.582628	0.565127	76.0621	64.2157	87.9085	
0.19	0.43	0.0825	0.0825	0.25	0.0125	0.25	0.195615	0.191258	0.384434	0.488571	78	80	76	0.0654025	0.0684262	0.582838	0.564897	75.8987	64.2157	87.5817	
0.2	0.43	0.0825	0.0825	0.25	0.0125	0.25	0.195718	0.191349	0.342984	0.473533	80.5	83	78	0.0655194	0.0680841	0.583024	0.564684	75.817	64.2157	87.4183	
0.21	0.43	0.0825	0.0825	0.25	0.0125	0.25	0.196186	0.190801	0.364454	0.505801	78.5	80	77	0.0656189	0.0677647	0.583186	0.564484	75.8987	64.2157	87.5817	
0.31	0.43	0.0825	0.0825	0.25	0.0125	0.25	0.198806	0.191788	0.529292	0.531587	78	79	77	0.066009	0.0654684	0.583872	0.562977	75.4902	63.8889	87.0915	
0.35	0.43	0.0825	0.0825	0.25	0.0125	0.25	0.198616	0.192263	0.479143	0.534864	76.5	77	76	0.0659938	0.0648566	0.583813	0.562524	75.4902	64.0523	86.9281	
0.36	0.43	0.0825	0.0825	0.25	0.0125	0.25	0.199541	0.192098	0.415316	0.494546	78	77	79	0.0659821	0.0647225	0.583777	0.562419	75.4085	63.8889	86.9281	
0.17	0.44	0.0825	0.0825	0.25	0.0125	0.25	0.195122	0.191416	0.399182	0.490944	77	80	74	0.0639012	0.068203	0.579833	0.563688	75.7353	64.7059	86.7647	
0.18	0.44	0.0825	0.0825	0.25	0.0125	0.25	0.195795	0.191313	0.404009	0.494779	76.5	79	74	0.0640602	0.0678105	0.580066	0.563439	75.6536	64.5425	86.7647	
0.19	0.44	0.0825	0.0825	0.25	0.0125	0.25	0.19619	0.191355	0.364634	0.484903	78	80	76	0.0641971	0.0674448	0.580274	0.563207	75.4902	64.5425	86.4379	
0.2	0.44	0.0825	0.0825	0.25	0.0125	0.25	0.196786	0.191145	0.334183	0.46871	79	81	77	0.0643144	0.0671037	0.580457	0.56299	75.6536	64.3791	86.9281	
0.22	0.44	0.0825	0.0825	0.25	0.0125	0.25	0.197573	0.190895	0.453365	0.53771	80	81	79	0.0644994	0.0664869	0.580759	0.562597	75.5719	64.3791	86.7647	
0.31	0.44	0.0825	0.0825	0.25	0.0125	0.25	0.198906	0.192339	0.362278	0.496381	79	80	78	0.0648146	0.0644864	0.581308	0.561247	75.0817	64.0523	86.1111	
0.34	0.44	0.0825	0.0825	0.25	0.0125	0.25	0.198539	0.19404	0.486985	0.541835	76	78	74	0.0648118	0.0640134	0.581282	0.560893	75.2451	64.2157	86.2745	
0.16	0.45	0.0825	0.0825	0.25	0.0125	0.25	0.19609	0.191281	0.384724	0.485339	77	81	73	0.0625683	0.0676855	0.577107	0.562343	75.4902	64.8693	86.1111	
0.17	0.45	0.0825	0.0825	0.25	0.0125	0.25	0.196175	0.191412	0.405559	0.491343	76	80	72	0.0627516	0.0672664	0.577363	0.562073	75.4085	64.8693	85.9477	
0.18	0.45	0.0825	0.0825	0.25	0.0125	0.25	0.196377	0.191619	0.398885	0.495741	76.5	79	74	0.0629101	0.0668759	0.577593	0.561822	75.3268	64.5425	86.1111	
0.19	0.45	0.0825	0.0825	0.25	0.0125	0.25	0.19625	0.191748	0.348822	0.479652	77	79	75	0.0630469	0.0665117	0.577797	0.561588	75.2451	64.5425	85.9477	
0.23	0.45	0.0825	0.0825	0.25	0.0125	0.25	0.196834	0.192268	0.535138	0.525332	75.5	78	73	0.0634222	0.0652772	0.578398	0.560787	75.2451	64.5425	85.9477	
0.33	0.45	0.0825	0.0825	0.25	0.0125	0.25	0.199345	0.196419	0.461003	0.508929	77.5	80	75	0.0636765	0.0632295	0.578825	0.559349	75.2451	64.7059	85.7843	
0.35	0.45	0.0825	0.0825	0.25	0.0125	0.25	0.198807	0.193189	0.544573	0.513913	75.5	77	74	0.0636659	0.0629364	0.578785	0.559116	75.1634	64.7059	85.6209	
0.36	0.45	0.0825	0.0825	0.25	0.0125	0.25	0.199505	0.192585	0.513396	0.542138	76	78	74	0.0636562	0.0628006	0.578754	0.559005	75.1634	64.5425	85.7843	
0.14	0.46	0.0825	0.0825	0.25	0.0125	0.25	0.195191	0.198452	0.515484	0.542973	76	80	72	0.0610229	0.0677161	0.574139	0.561405	75.4902	65.3595	85.6209	
0.16	0.46	0.0825	0.0825	0.25	0.0125	0.25	0.195476	0.192364	0.416697	0.520913	75.5	79	72	0.0614722	0.0667909	0.574724	0.560795	75.4902	65.5229	85.4575	
0.17	0.46	0.0825	0.0825	0.25	0.0125	0.25	0.19657	0.191716	0.418708	0.499929	76	80	72	0.0616543	0.0663744	0.574976	0.560523	75.2451	65.1961	85.2941	
0.18	0.46	0.0825	0.0825	0.25	0.0125	0.25	0.196313	0.191878	0.375177	0.506289	77	79	75	0.0618121	0.065986	0.575202	0.560271	75.1634	64.8693	85.4575	
0.21	0.46	0.0825	0.0825	0.25	0.0125	0.25	0.198171	0.191487	0.47397	0.520398	77	79	75	0.0621662	0.0649678	0.57574	0.559607	74.7549	64.5425	84.9673	
0.3	0.46	0.0825	0.0825	0.25	0.0125	0.25	0.199858	0.19286	0.380642	0.504875	77	79	75	0.062571	0.0628442	0.57642	0.558145	75	64.7059	85.2941	
0.34	0.46	0.0825	0.0825	0.25	0.0125	0.25	0.199828	0.193244	0.4313	0.535762	78	80	76	0.0625828	0.0621916	0.576416	0.557641	74.8366	64.7059	84.9673	
0.16	0.47	0.0825	0.0825	0.25	0.0125	0.25	0.196397	0.191788	0.421271	0.509649	77	80	74	0.0604255	0.0659378	0.572421	0.559307	75.2451	65.5229	84.9673	
0.17	0.47	0.0825	0.0825	0.25	0.0125	0.25	0.197119	0.191871	0.411495	0.50047	76.5	79	74	0.0606062	0.065524	0.572668	0.559035	75.1634	65.3595	84.9673	
0.18	0.47	0.0825	0.0825	0.25	0.0125	0.25	0.197858	0.19196	0.505656	0.538456	78.5	80	77	0.0607631	0.0651377	0.572891	0.558781	75.2451	65.1961	85.2941	
0.16	0.48	0.0825	0.0825	0.25	0.0125	0.25	0.197323	0.191947	0.437026	0.503534	75.5	79	72	0.0594254	0.0651235	0.570193	0.557875	75	65.3595	84.6405	
0.17	0.48	0.0825	0.0825	0.25	0.0125	0.25	0.19683	0.193268	0.424164	0.534126	76	78	74	0.0596045	0.0647124	0.570436	0.557603	74.9183	65.1961	84.6405	
0.15	0.49	0.0825	0.0825	0.25	0.0125	0.25	0.196632	0.19281	0.451164	0.539726	75	79	71	0.0582661	0.0647821	0.567774	0.556788	74.2647	64.8693	83.6601	
0.16	0.49	0.0825	0.0825	0.25	0.0125	0.25	0.199209	0.190778	0.46997	0.542022	74	77	71	0.0584691	0.0643454	0.568036	0.556496	74.3464	65.0327	83.6601	
0.18	0.49	0.0825	0.0825	0.25	0.0125	0.25	0.198531	0.192314	0.411769	0.535149	76	79	73	0.0588006	0.0635551	0.568489	0.555969	74.6732	65.1961	84.1503	
0.15	0.5	0.0825	0.0825	0.25	0.0125	0.25	0.197762	0.19234	0.46452	0.540235	75.5	80	71	0.0573537	0.0640345	0.56569	0.555457	74.3464	65.1961	83.4967	
0.17	0.5	0.0825	0.0825	0.25	0.0125	0.25	0.199036	0.19235	0.376024	0.517111	75.5	79	72	0.0577294	0.0631954	0.566181	0.554894	74.5915	65.3595	83.8235	
0.16	0.51	0.0825	0.0825	0.25	0.0125	0.25	0.199443	0.192415	0.41026	0.517402	74	79	69	0.0566782	0.0628884	0.563923	0.553881	74.183	65.1961	83.1699	
0.15	0.52	0.0825	0.0825	0.25	0.0125	0.25	0.199402	0.192338	0.393734	0.530904	74.5	80	69	0.0556442	0.0626324	0.561713	0.552929	74.3464	65.3595	83.3333	
0.12	0.54	0.0825	0.0825	0.25	0.0125	0.25	0.198674	0.191792	0.474725	0.5422	72	76	68	0.0533476	0.0627673	0.55714	0.551546	73.6928	65.5229	81.8627	
